,steps,delta,episodes,mean episode reward,% time spent exploring
0,943,943,2,36723,99
1,2338,1395,3,34852.5,97
2,2533,195,4,36374,97
3,3107,574,5,36762.2,96
4,3603,496,6,36916.2,96
5,4145,542,7,37109,95
6,4670,525,8,37235.9,95
7,5165,495,9,37257.5,94
8,5536,371,10,37385.1,94
9,6322,786,11,37396.4,93
10,6687,365,12,37471.7,93
11,8116,1429,13,37145.8,92
12,8308,192,14,37306.7,91
13,8651,343,15,37403.3,91
14,8765,114,16,37548.5,91
15,8922,157,17,37678.6,91
