,steps,delta,episodes,mean episode reward,% time spent exploring
0,316,316,2,36830,99
1,894,578,3,35525,99
2,2486,1592,4,31710,97
3,3583,1097,5,31040,96
4,4649,1066,6,30700,95
5,5736,1087,7,30438.3,94
6,5867,131,8,31617.1,94
7,6040,173,9,32448.8,94
8,7346,1306,10,31836.7,92
9,9879,2533,11,30120,90
10,11740,1861,12,29326.4,88
11,12560,820,13,29532.5,87
12,12762,202,14,30182.3,87
13,13406,644,15,30423.6,86
14,13575,169,16,30949.3,86
15,14171,596,17,31142.5,86
